-0.8897160299220592,-0.1793446034028368,0.0978687632914265,0.0197279063743120
-0.8569125811964272,-0.3543637778512840,0.0942603839316070,0.0389800155636412
-0.8045541734650870,-0.5213560592369194,0.0885009590811596,0.0573491665160611
-0.7355456522044764,-0.6776384709534645,0.0809100217424924,0.0745402318048811
-0.6530971917564633,-0.8216307435047606,0.0718406910932110,0.0903793817855237
-0.5603014793005310,-0.9527042063244592,0.0616331627230584,0.1047974626956905
-0.4598883139441893,-1.0709284411810394,0.0505877145338608,0.1178021285299143
-0.3541324981112051,-1.1768197493364110,0.0389545747922326,0.1294501724270052
-0.2448592883406344,-1.2711410819331241,0.0269345217174698,0.1398255190126436
-0.1334974751873994,-1.3547628733498356,0.0146847222706139,0.1490239160684819
-0.0211476219679067,-1.4285752903987550,0.0023262384164697,0.1571432819438630
0.0913515535671047,-1.4934376408344185,-0.0100486708923815,0.1642781404917860
0.2033657062991219,-1.5501522578639877,-0.0223702276929034,0.1705167483650387
0.3144180166035400,-1.5994534773748410,-0.0345859818263894,0.1759398825112325
0.4241522673327118,-1.6420054010107761,-0.0466567494065983,0.1806205941111854
0.5323042891553765,-1.6784044504257185,-0.0585534718070914,0.1846244895468290
0.6386801027803903,-1.7091842887460826,-0.0702548113058429,0.1880102717620691
0.7431392685161778,-1.7348216926806981,-0.0817453195367796,0.1908303861948768
0.8455822210428057,-1.7557425813234708,-0.0930140443147086,0.1931316839455818
0.9459406289171265,-1.7723277820133072,-0.1040534691808839,0.1949560560214638
1.0441700416505995,-1.7849183331438288,-0.1148587045815659,0.1963410166458212
1.1402442658951859,-1.7938202490305297,-0.1254268692484704,0.1973202273933583
1.2341510504147777,-1.7993087406995247,-0.1357566155456255,0.1979239614769477
1.3258887642854049,-1.8016319219724657,-0.1458477640713945,0.1981795114169712
1.4154638313987591,-1.8010140465225510,-0.1557010214538635,0.1981115451174806
1.5028887430623254,-1.7976583270597342,-0.1653177617368558,0.1977424159765708
1.5881805142663119,-1.7917493874337451,-0.1746998565692943,0.1970924326177119
1.6713594818440924,-1.7834553951198435,-0.1838495430028502,0.1961800934631828
1.7524483671643560,-1.7729299169364887,-0.1927693203880791,0.1950222908630138
1.8314715442970126,-1.7603135358637274,-0.2014618698726714,0.1936344889450100
1.9084544683699853,-1.7457352619807149,-0.2099299915206984,0.1920308788178786
1.9834232292433553,-1.7293137660633886,-0.2181765552167691,0.1902245142669727
2.0564042035274346,-1.7111584603783507,-0.2262044623880178,0.1882274306416186
2.1274237839938057,-1.6913704476965425,-0.2340166162393186,0.1860507492466197
2.1965081700400519,-1.6700433565087505,-0.2416158987044057,0.1837047692159625
2.2636832064160557,-1.6472640778130050,-0.2490051527057661,0.1811990485594306
2.3289742601599865,-1.6231134166128862,-0.2561871686175985,0.1785424758274175
2.3924061278181097,-1.5976666693663668,-0.2631646740599921,0.1757433336303003
2.4540029666787349,-1.5709941370108744,-0.2699403263346608,0.1728093550711962
2.5137882450460216,-1.5431615818199647,-0.2765167069550624,0.1697477740001961
2.5717847075963935,-1.5142306351836670,-0.2828963178356033,0.1665653698702033
2.6280143526616957,-1.4842591624164503,-0.2890815787927865,0.1632685078658095
2.6824984189169103,-1.4533015898566692,-0.2950748260808601,0.1598631748842336
2.7352573794528934,-1.4214091988062403,-0.3008783117398183,0.1563550118686864
2.7863109416145941,-1.3886303902496819,-0.3064942035776054,0.1527493429274650
2.8356780513043653,-1.3550109237710801,-0.3119245856434802,0.1490512016148188
2.8833769007053758,-1.3205941336422529,-0.3171714590775913,0.1452653547006478
2.9294249385849338,-1.2854211246737586,-0.3222367432443427,0.1413963237141135
2.9738388825021902,-1.2495309500927119,-0.3271222770752409,0.1374484045101983
3.0166347323772835,-1.2129607734294625,-0.3318298205615012,0.1334256850772409
3.0578277849859963,-1.1757460161521711,-0.3363610563484596,0.1293320617767388
3.0974326490304271,-1.1379204925784348,-0.3407175913933470,0.1251712541836278
3.1354632605061337,-1.0995165334114738,-0.3449009586556747,0.1209468186752621
3.1719328981428250,-1.0605650990909190,-0.3489126187957107,0.1166621609000011
3.2068541987415569,-1.0210958840114386,-0.3527539618615713,0.1123205472412582
3.2402391722685779,-0.9811374125434094,-0.3564263089495436,0.1079251153797750
3.2720992165960685,-0.9407171276860681,-0.3599309138255675,0.1034788840454675
3.3024451318044132,-0.8998614730929672,-0.3632689644984854,0.0989847620402264
3.3312871339803576,-0.8585959691303233,-0.3664415847378393,0.0944455566043356
3.3586348684612992,-0.8169452835594375,-0.3694498355307429,0.0898639811915381
3.3844974224887694,-0.7749332973735081,-0.3722947164737646,0.0852426627110859
3.4088833372444163,-0.7325831662657043,-0.3749771670968858,0.0805841482892275
3.4318006192499806,-0.6899173781583990,-0.3774980681174979,0.0758909115974239
3.4532567511192416,-0.6469578071821344,-0.3798582426231166,0.0711653587900348
3.4732587016549816,-0.6037257644565155,-0.3820584571820480,0.0664098340902167
3.4918129352879799,-0.5602420459932088,-0.3840994228816778,0.0616266250592530
3.5089254208580321,-0.5165269780130161,-0.3859817962943835,0.0568179675814318
3.5246016397392403,-0.4726004599441910,-0.3877061803713164,0.0519860505938610
3.5388465933134219,-0.4284820053473421,-0.3892731252644764,0.0471330205882076
3.5516648097965686,-0.3841907809931268,-0.3906831290776225,0.0422609859092439
3.5630603504239735,-0.3397456443021762,-0.3919366385466371,0.0373720208732394
3.5730368149999396,-0.2951651793420724,-0.3930340496499933,0.0324681697276280
3.5815973468180449,-0.2504677315635054,-0.3939757081499849,0.0275514504719856
3.5887446369577454,-0.2056714414468050,-0.3947619100653520,0.0226238585591485
3.5944809279627132,-0.1607942772206990,-0.3953929020758984,0.0176873704942769
3.5988080169058057,-0.1158540668072914,-0.3958688818596386,0.0127439473488021
3.6017272578448969,-0.0708685291407495,-0.3961899983629387,0.0077955382054824
3.6032395636730921,-0.0258553050019793,-0.3963563520040401,0.0028440835502177
3.6033454073660298,0.0191680124924451,-0.3963679948102632,-0.0021084813741690
3.6020448226281321,0.0641838476116752,-0.3962249304890945,-0.0070602232372843
3.5993374039387738,0.1091746118086120,-0.3959271144332651,-0.0120092072989473
3.5952223059984432,0.1541226734614941,-0.3954744536598288,-0.0169534940807644
3.5896982425740647,0.1990103274255213,-0.3948668066831471,-0.0218911360168073
3.5827634847417578,0.2438197642594266,-0.3941039833215934,-0.0268201740685369
3.5744158585244636,0.2885330389892346,-0.3931857444376910,-0.0317386342888158
3.5646527419210461,0.3331320392676139,-0.3921118016113150,-0.0366445243194375
3.5534710613227340,0.3775984527822043,-0.3908818167455008,-0.0415358298060425
3.5408672873121239,0.4219137337600012,-0.3894954016043336,-0.0464105107136001
3.5268374298394050,0.4660590684072266,-0.3879521172823345,-0.0512664975247949
3.5113770327700919,0.5100153391150132,-0.3862514736047101,-0.0561016873026514
3.4944811677983090,0.5537630872505422,-0.3843929284578140,-0.0609139395975596
3.4761444277196873,0.5972824743408586,-0.3823758870491656,-0.0657010721774944
3.4563609190582136,0.6405532414422763,-0.3801997010964035,-0.0704608565586504
3.4351242540419689,0.6835546664718637,-0.3778636679446166,-0.0751910133119050
3.4124275419237264,0.7262655192587310,-0.3753670296116099,-0.0798892071184604
3.3882633796438966,0.7686640140514557,-0.3727089717608286,-0.0845530415456601
3.3626238418354424,0.8107277591936459,-0.3698886226018986,-0.0891800535113011
3.3355004701732622,0.8524337036519842,-0.3669050517190589,-0.0937677074017183
3.3068842620743366,0.8937580800496838,-0.3637572688281770,-0.0983133888054652
3.2767656587598211,0.9346763438226120,-0.3604442224635803,-0.1028143978204873
3.2451345326965262,0.9751631080748028,-0.3569647985966179,-0.1072679418882283
3.2119801744431320,1.0151920736640183,-0.3533178191887445,-0.1116711281030420
3.1772912789363881,1.0547359539956100,-0.3495020406830027,-0.1160209549395171
3.1410559312649449,1.0937663939432609,-0.3455161524391439,-0.1203143033337587
3.1032615919938560,1.1322538822471648,-0.3413587751193241,-0.1245479270471881
3.0638950821218685,1.1701676566625434,-0.3370284590334056,-0.1287184422328798
3.0229425677772457,1.2074756010426266,-0.3325236824554970,-0.1328223161146889
2.9803895447870268,1.2441441334385841,-0.3278428499265730,-0.1368558546782442
2.9362208232906495,1.2801380841823247,-0.3229842905619714,-0.1408151892600557
2.8904205126133000,1.3154205627841622,-0.3179462563874630,-0.1446962619062578
2.8429720066692119,1.3499528123232194,-0.3127269207336133,-0.1484948093555541
2.7938579702328625,1.3836940498307246,-0.3073243767256149,-0.1522063454813797
2.7430603264997448,1.4166012909610544,-0.3017366359149719,-0.1558261420057160
2.6905602464619616,1.4486291570077425,-0.2959616271108158,-0.1593492072708517
2.6363381407522559,1.4797296620460887,-0.2899971954827481,-0.1627702628250698
2.5803736547693927,1.5098519776637653,-0.2838411020246332,-0.1660837175430142
2.5226456680959561,1.5389421723679804,-0.2774910234905552,-0.1692836389604778
2.4631322994665474,1.5669429223228368,-0.2709445529413202,-0.1723637214555120
2.4018109188528953,1.5937931895622348,-0.2641992010738184,-0.1753172508518458
2.3386581686188603,1.6194278632285641,-0.2572523985480746,-0.1781370649551420
2.2736499961837486,1.6437773586895439,-0.2501014995802123,-0.1808155094558498
2.2067617012440488,1.6667671685658687,-0.2427437871368453,-0.1833443885422456
2.1379680013768878,1.6883173587383562,-0.2351764801514576,-0.1857149094612192
2.0672431208292190,1.7083420012685400,-0.2273967432912141,-0.1879176201395394
1.9945609085451734,1.7267485348300688,-0.2194016999399691,-0.1899423388313076
1.9198949930792188,1.7434370416739609,-0.2111884492387141,-0.1917780745841357
1.8432189840892035,1.7582994282976863,-0.2027540882498124,-0.1934129371127455
1.7645067327393866,1.7712184948105902,-0.1940957406013325,-0.1948340344291649
1.6837326667535395,1.7820668754373925,-0.1852105933428893,-0.1960273562981132
1.6008722202885746,1.7907058296283089,-0.1760959442317432,-0.1969776412591140
1.5159023845809041,1.7969838598056931,-0.1667492623038994,-0.1976682245786262
1.4288024128968835,1.8007351278473043,-0.1571682654186572,-0.1980808640632035
1.3395547232984202,1.8017776379971950,-0.1473510195628262,-0.1981955401796915
1.2481460559328068,1.7999111490908948,-0.1372960661526087,-0.1979902263999984
1.1545689590822987,1.7949147739976483,-0.1270025854990529,-0.1974406251397413
1.0588237015712330,1.7865442194660579,-0.1164706071728356,-0.1965198641412664
0.9609207403685307,1.7745286159565714,-0.1057012814405384,-0.1951981477552228
0.8608839140915528,1.7585668860793926,-0.0946972305500708,-0.1934423574687332
0.7587545892772487,1.7383236045970525,-0.0834630048204974,-0.1912155965056758
0.6545970615235904,1.7134243171764831,-0.0720056767675950,-0.1884766748894131
0.5485056139525868,1.6834503169416306,-0.0603356175347845,-0.1851795348635794
0.4406137680320189,1.6479329403753811,-0.0484675144835221,-0.1812726234412919
0.3311064339318399,1.6063475587718474,-0.0364217077325024,-0.1766982314649032
0.2202358841493883,1.5581076434313605,-0.0242259472564327,-0.1713918407774497
0.1083427311275609,1.5025596285430802,-0.0119177004240317,-0.1652815591397388
-0.0041166399898937,1.4389798729770324,0.0004528303988883,-0.1582877860274736
-0.1165345277562730,1.3665759605728895,0.0128187980531900,-0.1503233556630179
-0.2281066536971625,1.2844960512333388,0.0250917319066879,-0.1412945656356673
-0.3377762785795686,1.1918521864271272,0.0371553906437525,-0.1311037405069840
-0.4441688977688408,1.0877664268011551,0.0488585787545725,-0.1196543069481271
-0.5455235021616026,0.9714520431389748,0.0600075852377763,-0.1068597247452872
-0.6396355502519052,0.8423440335074237,0.0703599105277096,-0.0926578436858166
-0.7238414749344765,0.7002898664690592,0.0796225622427924,-0.0770318853115965
-0.7950922621152229,0.5457951456173324,0.0874601488326745,-0.0600374660179066
-0.8501726325812849,0.3802820325005022,0.0935189895839413,-0.0418310235750552
-0.8860982551632066,0.2062644125599946,0.0974708080679527,-0.0226890853815994
-0.9006433785035917,0.0273069591670234,0.0990707716353951,-0.0030037655083726
-0.8928363246891164,-0.1523230503081005,0.0982119957158028,0.0167555355338911
-0.8632034285659921,-0.3282570731430051,0.0949523771422591,0.0361082780457306
-0.8136348328517997,-0.4966660663367813,0.0894998316136980,0.0546332672970459
-0.7469431628474182,-0.6546996723947008,0.0821637479132160,0.0720169639634171
-0.6663236153535366,-0.8006156952694496,0.0732955976888890,0.0880677264796395
-0.5749069534583438,-0.9336563051350043,0.0632397648804178,0.1027021935648505
-0.4754872075696663,-1.0538022095604336,0.0523035928326633,0.1159182430516477
-0.3704096776569421,-1.1615163606547552,0.0407450645422636,0.1277667996720231
-0.2615651688690871,-1.2575347311277354,0.0287721685755996,0.1383288204240509
-0.1504383786287184,-1.3427182502469217,0.0165482216491590,0.1476990075271614
-0.0381752525627350,-1.4179581510181785,0.0041992777819009,0.1559753966119996
0.0743497111886227,-1.4841206278587320,-0.0081784682307485,0.1632532690644605
0.1864744341919177,-1.5420176941138133,-0.0205121877611109,0.1696219463525195
0.2977008050386069,-1.5923943427868967,-0.0327470885542468,0.1751633777065587
0.4076563394833322,-1.6359252816731209,-0.0448421973431665,0.1799517809840433
0.5160644645393925,-1.6732169484337158,-0.0567670910993332,0.1840538643277087
0.6227217457879546,-1.7048121842217143,-0.0684993920366750,0.1875293402643886
0.7274805317223422,-1.7311960251190699,-0.0800228584894576,0.1904315627630977
0.8302357513736274,-1.7528017417409290,-0.0913259326510990,0.1928081915915022
0.9309148670618079,-1.7700166623960951,-0.1024006353767989,0.1947018328635705
1.0294702140769336,-1.7831875536405277,-0.1132417235484627,0.1961506309004580
1.1258731444530767,-1.7926254687023955,-0.1238460458898384,0.1971888015572635
1.2201095358672200,-1.7986100498014572,-0.1342120489453942,0.1978471054781603
1.3121763360477479,-1.8013933098599164,-0.1443393969652523,0.1981532640845908
1.4020788952472505,-1.8012029376680903,-0.1542286784771976,0.1981323231434899
1.4898289007268897,-1.7982451773069941,-0.1638811790799579,0.1978069695037694
1.5754427729735430,-1.7927073329218113,-0.1732987050270897,0.1971978066213992
1.6589404175103384,-1.7847599469335713,-0.1824834459261372,0.1963235941626928
1.7403442516711878,-1.7745586952824013,-0.1914378676838306,0.1952014564810642
1.8196784448276522,-1.7622460383300900,-0.2001646289310417,0.1938470642163099
1.8969683249355020,-1.7479526611587508,-0.2086665157429052,0.1922747927274626
1.9722399151270891,-1.7317987324589146,-0.2169463906639798,0.1904978605704806
2.0455195723113064,-1.7138950071206540,-0.2250071529542437,0.1885284507832719
2.1168337060169042,-1.6943437940545294,-0.2328517076618595,0.1863778173459982
2.1862085605159538,-1.6732398076582427,-0.2404829416567549,0.1840563788424067
2.2536700469545274,-1.6506709186705888,-0.2479037051649980,0.1815738010537648
2.3192436150666325,-1.6267188178684893,-0.2551167976573296,0.1789390699655338
2.3829541562563281,-1.6014596041161160,-0.2621249571881961,0.1761605564527728
2.4448259315526957,-1.5749643066205732,-0.2689308524707965,0.1732460737282631
2.5048825192866078,-1.5472993498437169,-0.2755370771215269,0.1702029284828089
2.5631467783930479,-1.5185269683270726,-0.2819461456232353,0.1670379665159780
2.6196408240734437,-1.4887055776738853,-0.2881604906480788,0.1637576135441274
2.6743860132089963,-1.4578901070713293,-0.2941824614529895,0.1603679117778462
2.7274029374365107,-1.4261322980031257,-0.3000143231180162,0.1568745527803438
2.7787114222122420,-1.3934809731782787,-0.3056582564433466,0.1532829070496106
2.8283305305195059,-1.3599822791684868,-0.3111163583571456,0.1495980507085335
2.8762785701399105,-1.3256799057908351,-0.3163906427153901,0.1458247896369919
2.9225731036198264,-1.2906152848817467,-0.3214830413981809,0.1419676813369921
2.9672309602338722,-1.2548277707728428,-0.3263954056257259,0.1380310547850127
3.0102682493842079,-1.2183548044909631,-0.3311295074322628,0.1340190284940060
3.0517003749849416,-1.1812320634560700,-0.3356870412483436,0.1299355269801677
3.0915420504702422,-1.1434935982361618,-0.3400696255517267,0.1257842958059778
3.1298073141369600,-1.1051719577326804,-0.3442788045550656,0.1215689153505948
3.1665095445910265,-1.0662983040089791,-0.3483160499050129,0.1172928134409877
3.2016614761142748,-1.0269025178346791,-0.3521827623725702,0.1129592769618147
3.2352752138066814,-0.9870132958971795,-0.3558802735187349,0.1085714625486897
3.2673622483901599,-0.9466582405256374,-0.3594098473229176,0.1041324064578201
3.2979334705851699,-0.9058639426802485,-0.3627726817643687,0.0996450336948273
3.3269991849917981,-0.8646560588787948,-0.3659699103490978,0.0951121664766674
3.3545691234233814,-0.8230593826616169,-0.3690026035765719,0.0905365320927779
3.3806524576539827,-0.7810979111340817,-0.3718717703419381,0.0859207702247490
3.4052578115516279,-0.7387949070711060,-0.3745783592706791,0.0812674397778217
3.4283932725776949,-0.6961729570203998,-0.3771232599835464,0.0765790252722440
3.4500664026395484,-0.6532540257989510,-0.3795073042903503,0.0718579428378846
3.4702842482888019,-0.6100595077401932,-0.3817312673117682,0.0671065458514213
3.4890533502616803,-0.5666102750166464,-0.3837958685287848,0.0623271302518311
3.5063797523610996,-0.5229267233340709,-0.3857017727597210,0.0575219395667478
3.5222690096824132,-0.4790288152678759,-0.3874495910650654,0.0526931696794663
3.5367261961864762,-0.4349361214902751,-0.3890398815805124,0.0478429733639303
3.5497559116248354,-0.3906678601171523,-0.3904731502787319,0.0429734646128868
3.5613622878225790,-0.3462429343864943,-0.3917498516604837,0.0380867227825144
3.5715489943247523,-0.3016799688653153,-0.3928703893757227,0.0331847965751847
3.5803192434123163,-0.2569973443690289,-0.3938351167753548,0.0282697078805932
3.5876757944934878,-0.2122132317660290,-0.3946443373942837,0.0233434554942632
3.5936209578759217,-0.1673456248306739,-0.3952983053663514,0.0184080187313741
3.5981565979247248,-0.1224123722997840,-0.3957972257717197,0.0134653609529762
3.6012841356106482,-0.0774312092810691,-0.3961412549171713,0.0085174330209176
3.6030045504520856,-0.0324197881564957,-0.3963305005497294,0.0035661766972145
3.6033183818537227,0.0126042908805807,-0.3963650220039095,-0.0013864719968639
3.6022257298438256,0.0576234495187134,-0.3962448302828208,-0.0063385794470585
3.5997262552112836,0.1026201011181774,-0.3959698880732412,-0.0112882111229995
3.5958191790426168,0.1475766204641773,-0.3955401096946878,-0.0162334282510595
3.5905032816582581,0.1924753133500277,-0.3949553609824084,-0.0211722844685031
3.5837769009465257,0.2372983858554916,-0.3942154591041178,-0.0261028224441041
3.5756379300928449,0.2820279131829500,-0.3933201723102129,-0.0310230704501245
3.5660838147009484,0.3266458079104275,-0.3922692196171043,-0.0359310388701470
3.5551115493020422,0.3711337875156453,-0.3910622704232246,-0.0408247166267210
3.5427176732472456,0.4154733410191716,-0.3896989440571970,-0.0457020675121089
3.5288982659780586,0.4596456945872922,-0.3881788092575864,-0.0505610264046021
3.5136489416691856,0.5036317759263405,-0.3865013835836104,-0.0553994953518974
3.4969648432378047,0.5474121772897833,-0.3846661327561585,-0.0602153395018762
3.4788406357133286,0.5909671169072068,-0.3826724699284662,-0.0650063828597928
3.4592704989619452,0.6342763986303279,-0.3805197548858140,-0.0697704038493361
3.4382481197607837,0.6773193695750536,-0.3782072931736862,-0.0745051306532559
3.4157666832175066,0.7200748755202105,-0.3757343351539257,-0.0792082363072232
3.3918188635325621,0.7625212138025798,-0.3731000749885818,-0.0838773335182838
3.3663968141033949,0.8046360834239900,-0.3703036495513734,-0.0885099691766389
3.3394921569726379,0.8463965320590848,-0.3673441372669901,-0.0931036185264993
3.3110959716259880,0.8877788996215425,-0.3642205568788587,-0.0976556789583697
3.2811987831501717,0.9287587580115139,-0.3609318661465189,-0.1021634633812665
3.2497905497674457,0.9693108466272635,-0.3574769604744190,-0.1066241931289990
3.2168606497707275,1.0094090031787968,-0.3538546714747800,-0.1110349903496676
3.1823978678930422,1.0490260892898271,-0.3500637654682346,-0.1153928698218810
3.1463903811569649,1.0881339103159064,-0.3461029419272662,-0.1196947301347497
3.1088257442646592,1.1267031287398068,-0.3419708318691125,-0.1239373441613787
3.0696908746076108,1.1647031704290929,-0.3376659962068372,-0.1281173487472002
3.0289720369980468,1.2021021229537829,-0.3331869240697852,-0.1322312335249161
2.9866548282523326,1.2388666250623650,-0.3285320311077566,-0.1362753287568602
2.9427241617915412,1.2749617463001943,-0.3236996577970695,-0.1402457920930214
2.8971642524675145,1.3103508556230978,-0.3186880677714266,-0.1441385941185408
2.8499586018759135,1.3449954777080426,-0.3134954462063505,-0.1479495025478847
2.8010899844834287,1.3788551354887086,-0.3081198982931772,-0.1516740649037580
2.7505404349775020,1.4118871772428214,-0.3025594478475252,-0.1553075894967103
2.6982912373472927,1.4440465863255503,-0.2968120361082022,-0.1588451244958105
2.6443229163290236,1.4752857713736469,-0.2908755207961926,-0.1622814348511011
2.5886152320031637,1.5055543344917790,-0.2847476755203480,-0.1656109767940957
2.5311471785228221,1.5347988145679565,-0.2784261896375104,-0.1688278696024752
2.4718969881917872,1.5629624024397910,-0.2719086687010966,-0.1719258642683770
2.4108421424092477,1.5899846241366000,-0.2651926356650172,-0.1748983086550260
2.3479593913720902,1.6158009878409476,-0.2582755330509299,-0.1777381086625043
2.2832247848951277,1.6403425895315173,-0.2511547263384640,-0.1804376848484669
2.2166137173008127,1.6635356714687344,-0.2438275089030894,-0.1829889238615608
2.1481009900769852,1.6853011267433231,-0.2362911089084684,-0.1853831239417655
2.0776608969481525,1.7055539420001560,-0.2285426986642968,-0.1876109336200172
2.0052673372106100,1.7242025691449452,-0.2205794070931671,-0.1896622826059440
1.9308939647203163,1.7411482153043971,-0.2123983361192348,-0.1915263036834837
1.8545143818950638,1.7562840385010943,-0.2039965820084570,-0.1931912442351204
1.7761023906319162,1.7694942343776221,-0.1953712629695108,-0.1946443657815384
1.6956323153237807,1.7806529968116913,-0.1865195546856159,-0.1958718296492860
1.6130794174215144,1.7896233323559221,-0.1774387359163666,-0.1968585665591514
1.5284204265469896,1.7962557050680446,-0.1681262469201688,-0.1975881275574849
1.4416342204449195,1.8003864844403377,-0.1585797642489411,-0.1980425132884371
1.3527026956439383,1.8018361647958010,-0.1487972965208332,-0.1982019781275381
1.2616118833623169,1.8004073197634014,-0.1387773071698549,-0.1980448051739742
1.1683533820022565,1.7958822504671050,-0.1285188720202482,-0.1975470475513816
1.0729261999702728,1.7880202812680654,-0.1180218819967300,-0.1966822309394872
0.9753391324932642,1.7765546530597418,-0.1072873045742591,-0.1954210118365716
0.8756138362045290,1.7611889626334674,-0.0963175219824982,-0.1937307858896814
0.7737888190674508,1.7415930999680460,-0.0851167700974196,-0.1915752409964851
0.6699246352958825,1.7173986476861021,-0.0736917098825471,-0.1889138512454712
0.5641106711695596,1.6881937355466583,-0.0620521738286516,-0.1857013109101324
0.4564740350265302,1.6535173997606645,-0.0502121438529183,-0.1818869139736731
0.3471912306365600,1.6128536021263067,-0.0381910353700216,-0.1774138962338937
0.2365035031216390,1.5656252502551691,-0.0260153853433803,-0.1722187775280686
0.1247369985382908,1.5111888802270963,-0.0137210698392120,-0.1662307768249806
0.0123291498997627,1.4488311993385399,-0.0013562064889739,-0.1593714319272394
-0.1001370751123123,1.3777695621276487,0.0110150782623544,-0.1515546518340413
-0.2118894233690863,1.2971598351683022,0.0233078365705995,-0.1426875818685132
-0.3219120293161554,1.2061171826023309,0.0354103232247771,-0.1326728900862564
-0.4288812743638467,1.1037581718284748,0.0471769401800231,-0.1214133989011322
-0.5310968868986551,0.9892759500592484,0.0584206575588521,-0.1088203545065173
-0.6264217488039078,0.8620626674149205,0.0689063923684299,-0.0948268934156413
-0.7122577587908602,0.7218911319565897,0.0783483534669946,-0.0794080245152249
-0.7856028124373239,0.5691539151935209,0.0864163093681056,-0.0626069306712873
-0.8432454801329673,0.4051245480344883,0.0927570028146264,-0.0445637002837937
-0.8821365269911385,0.2321528674136952,0.0970350179690252,-0.0255368154155065
-0.8999048937169203,0.0536636877159467,0.0989895383088612,-0.0059030056487541
-0.8953716651253013,-0.1261453785476841,0.0984908831637831,0.0138759916402452
-0.8688428063036268,-0.3028785482939962,0.0955727086933989,0.0333166403123396
-0.8220308496059360,-0.4725933587435855,0.0904233934566530,0.0519852694617944
-0.7576471872974854,-0.6322804919216938,0.0833411906027234,0.0695508541113863
-0.6788626445971209,-0.7800383929603237,0.0746748909056833,0.0858042232256356
-0.5888388536703397,-0.9149789083544910,0.0647722739037374,0.1006476799189940
-0.4904295438479621,-1.0369912108709769,0.0539472498232758,0.1140690331958075
-0.3860480763112513,-1.1464821378744208,0.0424652883942376,0.1261130351661863
-0.2776496862999583,-1.2441583908904530,0.0305414654929954,0.1368574229979498
-0.1667745730330528,-1.3308696807215208,0.0183452030336358,0.1463956648793673
-0.0546139981961245,-1.4075070878350719,0.0060075398015737,0.1548257796618579
0.0579216893025756,-1.4749428416364756,-0.0063713858232833,0.1622437125800123
0.1701425683556619,-1.5339980385607555,-0.0187156825191228,0.1687397842416831
0.2815291291058964,-1.5854279027961899,-0.0309682042016486,0.1743970693075809
0.3916925306353949,-1.6299174361892705,-0.0430861783698934,0.1792909179808198
0.5003437261456029,-1.6680828563830865,-0.0550378098760163,0.1834891142021395
0.6072697730611569,-1.7004759981729638,-0.0667996750367273,0.1870523597990260
0.7123157686240679,-1.7275900085303666,-0.0783547345486475,0.1900349009383403
0.8153711069707196,-1.7498653868131990,-0.0896908217667791,0.1924851925494519
0.9163590223157795,-1.7676958585343099,-0.1007994924547357,0.1944465444387741
1.0152286190760893,-1.7814338291777034,-0.1116751480983698,0.1959577212095474
1.1119487816435338,-1.7913953131046061,-0.1223143659807887,0.1970534844415067
1.2065035060751108,-1.7978643152283484,-0.1327153856682622,0.1977650746751183
1.2988883099138093,-1.8010966867645635,-0.1428777140905190,0.1981206355441020
1.3891074620824087,-1.8013234973120529,-0.1528018208290650,0.1981455847043258
1.4771718388799977,-1.7987539735860547,-0.1624889022767997,0.1978629370944660
1.5630972599006343,-1.7935780561234442,-0.1719406985890698,0.1972935861735789
1.6469031933305034,-1.7859686226175377,-0.1811593512663554,0.1964565484879292
1.7286117466995414,-1.7760834221853907,-0.1901472921369496,0.1953691764403930
1.8082468791031638,-1.7640667599306610,-0.1989071567013480,0.1940473435923727
1.8858337858985363,-1.7500509662406887,-0.2074417164488390,0.1925056062864758
1.9613984181920998,-1.7341576806515693,-0.2157538260011310,0.1907573448716726
2.0349671080091603,-1.7164989759636022,-0.2238463818810076,0.1888148873559962
2.1065662765638842,-1.6971783446304427,-0.2317222904220272,0.1866896179093487
2.1762222080397802,-1.6762915662664988,-0.2393844428843758,0.1843920722893149
2.2439608751251217,-1.6539274723815491,-0.2468356962637634,0.1819320219619704
2.3098078055060780,-1.6301686221117548,-0.2540788586056686,0.1793185484322930
2.3737879808125770,-1.6050919007226814,-0.2611166778893835,0.1765601090794950
2.4359257612954814,-1.5787690509652252,-0.2679518337425029,0.1736645956061748
2.4962448309070120,-1.5512671459262519,-0.2745869313997713,0.1706393860518877
2.5547681585490714,-1.5226490107940933,-0.2810244974403979,0.1674913911873503
2.6115179721142323,-1.4929735999215801,-0.2872669769325655,0.1642270959913738
2.6665157426235560,-1.4622963346875371,-0.2933167316885911,0.1608525968156291
2.7197821763038381,-1.4306694069073900,-0.2991760393934222,0.1573736347598129
2.7713372128749247,-1.3981420519042194,-0.3048470934162417,0.1537956257094641
2.8212000286590362,-1.3647607948059690,-0.3103320031524939,0.1501236874286566
2.8693890433968892,-1.3305696731680217,-0.3156327947736578,0.1463626640484824
2.9159219298740928,-1.2956104386208043,-0.3207514122861502,0.1425171482482885
2.9608156256369762,-1.2599227398991864,-0.3256897188200674,0.1385915013889105
3.0040863462184046,-1.2235442893156312,-0.3304494980840245,0.1345898718247194
3.0457495994081936,-1.1865110144850537,-0.3350324559349013,0.1305162115933559
3.0858202001948207,-1.1488571968901100,-0.3394402220214303,0.1263742916579121
3.1243122860796340,-1.1106155986860189,-0.3436743514687597,0.1221677158554621
3.1612393325250410,-1.0718175789797064,-0.3477363265777545,0.1178999336877677
3.1966141683470197,-1.0324932006754228,-0.3516275585181722,0.1135742520742965
3.2304489909018614,-0.9926713288549115,-0.3553493889992048,0.1091938461740403
3.2627553809491219,-0.9523797215521145,-0.3589030919044034,0.1047617693707326
3.2935443170987311,-0.9116451136880627,-0.3622898748808604,0.1002809625056869
3.3228261897712037,-0.8704932948491269,-0.3655108808748324,0.0957542624334039
3.3506108146168581,-0.8289491815196142,-0.3685671896078544,0.0911844099671576
3.3769074453536021,-0.7870368843163991,-0.3714598189888962,0.0865740572748039
3.4017247859938071,-0.7447797707177244,-0.3741897264593188,0.0819257747789497
3.4250710024395503,-0.7022005237294918,-0.3767578102683505,0.0772420576102441
3.4469537334324438,-0.6593211968894269,-0.3791649106775688,0.0725253316578370
3.4673801008497520,-0.6161632659717183,-0.3814118110934727,0.0677779592568890
3.4863567193427474,-0.5727476777214654,-0.3834992391277022,0.0630022445493612
3.5038897053165190,-0.5290948959189776,-0.3854278675848171,0.0582004385510875
3.5199846852528993,-0.4852249450481895,-0.3871983153778190,0.0533747439553008
3.5346468033799554,-0.4411574518207826,-0.3888111483717951,0.0485273197002861
3.5478807286927130,-0.3969116847876950,-0.3902668801561984,0.0436602853266464
3.5596906613305808,-0.3525065922522567,-0.3915659727463639,0.0387757251477482
3.5700803383173452,-0.3079608386839529,-0.3927088372149080,0.0338756922552348
3.5790530386697315,-0.2632928398185704,-0.3936958342536704,0.0289622123800427
3.5866115878803941,-0.2185207966190454,-0.3945272746668433,0.0240372876280950
3.5927583617808891,-0.1736627282615257,-0.3952034197958978,0.0191029001087678
3.5974952897896770,-0.1287365043028780,-0.3957244818768645,0.0141610154733166
3.6008238575496225,-0.0837598761789712,-0.3960906243304585,0.0092135863796868
3.6027451089587292,-0.0387505081774853,-0.3963019619854602,0.0042625558995234
3.6032596475970742,0.0062739919753687,-0.3963585612356781,-0.0006901391172906
3.6023676375520663,0.0512960427780131,-0.3962604401307273,-0.0056425647055814
3.6000688036432695,0.0962980587324039,-0.3960075684007597,-0.0105927864605644
3.5963624310471478,0.1412624201054676,-0.3955998674151863,-0.0155388662116014
3.5912473643211675,0.1861714425397311,-0.3950372100753284,-0.0204788586793704
3.5847220058258156,0.2310073463785676,-0.3943194206408397,-0.0254108081016424
3.5767843135422077,0.2757522255691308,-0.3934462744896429,-0.0303327448126044
3.5674317982821528,0.3203880160025657,-0.3924174978110368,-0.0352426817602822
3.5566615202867586,0.3648964631464087,-0.3912327672315435,-0.0401386109461050
3.5444700852089910,0.4092590888181686,-0.3898917093729890,-0.0450184997699985
3.5308536394750187,0.4534571569418319,-0.3883939003422521,-0.0498802872636015
3.5158078650187350,0.4974716381203630,-0.3867388651520609,-0.0547218801932399
3.4993279733835743,0.5412831728470563,-0.3849260770721932,-0.0595411490131762
3.4814086991856716,0.5848720331666989,-0.3829549569104239,-0.0643359236483369
3.4620442929326196,0.6282180825837586,-0.3808248722225882,-0.0691039890842134
3.4412285131925655,0.6713007339990188,-0.3785351364511822,-0.0738430807398921
3.4189546181093102,0.7140989054380230,-0.3760850079920241,-0.0785508795981825
3.3952153562604201,0.7565909733140874,-0.3734736891886462,-0.0832250070645496
3.3700029568573235,0.7987547229451921,-0.3707003252543056,-0.0878630195239711
3.3433091192890072,0.8405672960174064,-0.3677640031217908,-0.0924624025619147
3.3151250020144429,0.8820051346572204,-0.3646637502215887,-0.0970205648122942
3.2854412108134330,0.9230439217407652,-0.3613985331894776,-0.1015348313914842
3.2542477864113986,0.9636585170288394,-0.3579672565052539,-0.1060024368731723
3.2215341915010316,1.0038228886722629,-0.3543687610651135,-0.1104205177539489
3.1872892971930380,1.0435100395815911,-0.3506018226912341,-0.1147861043539750
3.1515013689398117,1.0826919280977516,-0.3466651505833793,-0.1190961120907527
3.1141580519903682,1.1213393823346658,-0.3425573857189405,-0.1233473320568132
3.0752463564528005,1.1594220074901815,-0.3382770992098081,-0.1275364208239200
3.0347526420627564,1.1969080853362415,-0.3338227906269032,-0.1316598893869866
2.9926626027838887,1.2337644650014790,-0.3291928863062277,-0.1357140911501627
2.9489612514001426,1.2699564440473889,-0.3243857376540157,-0.1396952088452128
2.9036329043015829,1.3054476387105864,-0.3193996194731741,-0.1435992402581645
2.8566611667171018,1.3401998420356758,-0.3142327283388812,-0.1474219826239243
2.8080289187111136,1.3741728684527246,-0.3088831810582225,-0.1511590155297997
2.7577183023400997,1.4073243831564324,-0.3033490132574110,-0.1548056821472076
2.7057107104623137,1.4396097144163067,-0.2976281781508545,-0.1583570685857937
2.6519867778146158,1.4709816466831553,-0.2917185455596077,-0.1618079811351471
2.5965263751201237,1.5013901920505901,-0.2856179012632136,-0.1651529211255649
2.5393086071764248,1.5307823372734728,-0.2793239467894068,-0.1683860571000820
2.4803118161058455,1.5591017631292825,-0.2728342997716430,-0.1715011939442211
2.4195135912386134,1.5862885324225320,-0.2661464950362475,-0.1744917385664785
2.3568907874618725,1.6122787423638154,-0.2592579866208060,-0.1773506616600197
2.2924195543220476,1.6370041363886358,-0.2521661509754252,-0.1800704550027499
2.2260753787402301,1.6603916696987475,-0.2448682916614253,-0.1826430836668622
2.1578331449228325,1.6823630218889414,-0.2373616459415116,-0.1850599324077835
2.0876672159653444,1.7028340489396987,-0.2296433937561879,-0.1873117453833668
2.0155515428112900,1.7217141655812873,-0.2217106697092419,-0.1893885582139416
1.9414598077145215,1.7389056475331570,-0.2135605788485974,-0.1912796212286473
1.8653656112571102,1.7543028413544053,-0.2051902172382821,-0.1929733125489846
1.7872427144249112,1.7677912675622296,-0.1965966985867402,-0.1944570394318453
1.7070653504079996,1.7792466002374738,-0.1877771885448800,-0.1957171260261221
1.6248086249001867,1.7885335034901464,-0.1787289487390205,-0.1967386853839161
1.5404490290246728,1.7955043018574679,-0.1694493931927140,-0.1975054732043215
1.4539650960206763,1.7999974579203863,-0.1599361605622744,-0.1979997203712425
1.3653382420414097,1.8018358261498781,-0.1501872066245551,-0.1982019408764866
1.2745538435859325,1.8008246472903482,-0.1402009227944526,-0.1980907112019383
1.1816026202326744,1.7967492426238345,-0.1299762882255942,-0.1976424166886218
1.0864824128411656,1.7893723626025433,-0.1195130654125282,-0.1968309598862798
0.9892004761123276,1.7784311402971493,-0.1088120523723560,-0.1956274254326864
0.8897764428727633,1.7636335981758908,-0.0978754087160040,-0.1939996957993480
0.7882461690529999,1.7446546591808594,-0.0867070785958300,-0.1919120125098945
0.6846667375061660,1.7211316238288095,-0.0753133411256783,-0.1893244786211690
0.5791229912333894,1.6926591008064196,-0.0637035290356728,-0.1861925010887062
0.4717360891025763,1.6587834304640867,-0.0518909698012834,-0.1824661773510495
0.3626747371941205,1.6189967373708254,-0.0398942210913533,-0.1780896411107908
0.2521699524857205,1.5727309202652586,-0.0277386947734293,-0.1730004012291785
0.1405344622631843,1.5193521846910385,-0.0154587908489503,-0.1671287403160142
0.0281881141862206,1.4581572229288084,-0.0031006925604843,-0.1603972945221689
-0.0843090915732572,1.3883729641843323,0.0092740000730583,-0.1527210260602765
-0.1962146840343418,1.3091631170765812,0.0215836152437776,-0.1440079428784239
-0.3065509074743531,1.2196466946536892,0.0337205998221788,-0.1341611364119058
-0.4140417996037944,1.1189364716192378,0.0455445979564174,-0.1230830118781162
-0.5170444010026074,1.0062086555271181,0.0568748841102868,-0.1106829521079830
-0.6134860574209346,0.8808177657880323,0.0674834663163028,-0.0968899542366835
-0.7008328712754546,0.7424695209522805,0.0770916158403000,-0.0816716473047508
-0.7761318707618915,0.5914529350983252,0.0853745057838081,-0.0650598228608158
-0.8361829470741352,0.4289023895434835,0.0919801241781549,-0.0471792628497832
-0.8778850211439245,0.2570096609346914,0.0965673523258317,-0.0282710627028161
-0.8987377407541668,0.0790584710517160,0.0988611514829583,-0.0086964318156888
-0.8973685355113344,-0.1008328188187439,0.0987105389062468,0.0110916100700618
-0.8738691289796214,-0.2782558688177789,0.0961256041877584,0.0306081455699557
-0.8297720621945986,-0.4491688093128026,0.0912749268414058,0.0494085690244083
-0.7676797380902480,-0.6104124555269997,0.0844447711899273,0.0671453701079700
-0.6907297783654348,-0.7599293746738875,0.0759802756201978,0.0835922312141276
-0.6021075387983981,-0.8967006926220222,0.0662318292678238,0.0986370761884224
-0.5047217399839095,-1.0205218990219320,0.0555193913982300,0.1122574088924125
-0.4010511308133098,-1.1317412474481705,0.0441156243894641,0.1244915372192988
-0.2931140381400457,-1.2310340294927358,0.0322425441954050,0.1354137432442009
-0.1825055787131254,-1.3192370948061702,0.0200756136584438,0.1451160804286787
-0.0704621257309598,-1.3972401777852088,0.0077508338304056,0.1536964195563729
0.0420701551309018,-1.4659206927557897,-0.0046277170643992,0.1612512762031369
0.1543734689171592,-1.5261082122751095,-0.0169810815808875,0.1678719033502621
0.2659068591756418,-1.5785677508489784,-0.0292497545093206,0.1736424525933876
0.3762650826425392,-1.6239942757729486,-0.0413891590906793,0.1786393703350244
0.4851465816092548,-1.6630135323544784,-0.0533661239770180,0.1829314885589926
0.5923288773150845,-1.6961861494257717,-0.0651561765046593,0.1865804764368349
0.6976497953048981,-1.7240132225752052,-0.0767414774835388,0.1896414544832725
0.8009931800638210,-1.7469423448607251,-0.0881092498070203,0.1921636579346797
0.9022780269346066,-1.7653735244473054,-0.0992505829628067,0.1941910876892036
1.0014502013497910,-1.7796647070914291,-0.1101595221484770,0.1957631177800572
1.0984761136295444,-1.7901367823113772,-0.1208323724992499,0.1969150460542515
1.1933378727870689,-1.7970780420978962,-0.1312671660065776,0.1976785846307686
1.2860295613121928,-1.8007481089792015,-0.1414632517443412,0.1980822919877122
1.3765543621994996,-1.8013813736965747,-0.1514209798419449,0.1981519511066232
1.4649223362835819,-1.7991899922094881,-0.1611414569911940,0.1979108991430437
1.5511486977620792,-1.7943664934956596,-0.1706263567538287,0.1973803142845225
1.6352524729321820,-1.7870860473211623,-0.1798777720225400,0.1965794652053278
1.7172554549035228,-1.7775084369570957,-0.1888981000393875,0.1955259280652805
1.7971813878178775,-1.7657797769162218,-0.1976899526599665,0.1942357754607844
1.8750553297088446,-1.7520340108322068,-0.2062560862679729,0.1927237411915428
1.9509031549033755,-1.7363942199425559,-0.2145993470393713,0.1910033641936812
2.0247511657815642,-1.7189737684164996,-0.2227226282359721,0.1890871145258150
2.0966257904935186,-1.6998773080400265,-0.2306288369542871,0.1869865038844029
2.1665533484154889,-1.6792016615252137,-0.2383208683257038,0.1847121827677735
2.2345598691064730,-1.6570366009153235,-0.2458015856017120,0.1822740261006856
2.3006709535945724,-1.6334655351642429,-0.2530738048954030,0.1796812088680667
2.3649116691981900,-1.6085661189291565,-0.2601402836118009,0.1769422730822072
2.4273064709346888,-1.5824107928810012,-0.2670037118028158,0.1740651872169101
2.4878791440116363,-1.5550672643643664,-0.2736667058412800,0.1710573990800803
2.5466527630264166,-1.5265989359881713,-0.2801318039329058,0.1679258829586988
2.6036496643895015,-1.4970652886667037,-0.2864014630828451,0.1646771817533374
2.6588914291889769,-1.4665222247283669,-0.2924780572107875,0.1613174447201204
2.7123988742702072,-1.4350223759418868,-0.2983638761697228,0.1578524613536075
2.7641920497466184,-1.4026153806558326,-0.3040611254721280,0.1542876918721416
2.8142902415098865,-1.3693481336893274,-0.3095719265660875,0.1506282947058260
2.8627119775894161,-1.3352650121349232,-0.3148983175348358,0.1468791513348416
2.9094750374365637,-1.3004080798262387,-0.3200422541180220,0.1430448887808863
2.9545964633902591,-1.2648172728725944,-0.3250056109729285,0.1391299000159854
2.9980925737264492,-1.2285305683617289,-0.3297901831099094,0.1351383625197902
3.0399789768113439,-1.1915841380722929,-0.3343976874492478,0.1310742551879522
3.0802705859733472,-1.1540124888139887,-0.3388297644570682,0.1269413737695387
3.1189816347853232,-1.1158485908196873,-0.3430879798263856,0.1227433449901656
3.1561256925109373,-1.0771239954461986,-0.3471738261762031,0.1184836394990818
3.1917156795191599,-1.0378689432948494,-0.3510887247471076,0.1141655837624334
3.2257638825117603,-0.9981124637365036,-0.3548340270762936,0.1097923710110154
3.2582819694416751,-0.9578824667154382,-0.3584110166385843,0.1053670713386982
3.2892810040268667,-0.9172058276103235,-0.3618209104429553,0.1008926410371356
3.3187714597859461,-0.8761084658465129,-0.3650648605764540,0.0963719312431164
3.3467632335392912,-0.8346154178802820,-0.3681439556893221,0.0918076959668310
3.3732656583335014,-0.7927509051111835,-0.3710592224166852,0.0872025995622302
3.3982875157583070,-0.7505383972220924,-0.3738116267334137,0.0825592236944302
3.4218370476341136,-0.7080006713968051,-0.3764020752397524,0.0778800738536485
3.4439219670555343,-0.6651598678213358,-0.3788314163761087,0.0731675854603469
3.4645494687819181,-0.6220375418365784,-0.3811004415660110,0.0684241296020236
3.4837262389703056,-0.5786547130761336,-0.3832098862867336,0.0636520184383747
3.5014584642496325,-0.5350319118932769,-0.3851604310674596,0.0588535103082605
3.5177518401375418,-0.4911892233547934,-0.3869527024151296,0.0540308145690273
3.5326115788030550,-0.4471463290563151,-0.3885872736683361,0.0491860961961947
3.5460424161796276,-0.4029225469935137,-0.3900646657797590,0.0443214801692865
3.5580486184339746,-0.3585368697057317,-0.3913853480277372,0.0394390556676305
3.5686339877965092,-0.3140080008930932,-0.3925497386576160,0.0345408800982403
3.5778018677593910,-0.2693543906946296,-0.3935582054535330,0.0296289829764093
3.5855551476480856,-0.2245942698032654,-0.3944110662412894,0.0247053696783592
3.5918962665720402,-0.1797456825834885,-0.3951085893229244,0.0197720250841837
3.5968272167596247,-0.1348265193490384,-0.3956509938435587,0.0148309171283942
3.6003495462818793,-0.0898545479508571,-0.3960384500910067,0.0098840002745943
3.6024643611689253,-0.0448474448197871,-0.3962710797285818,0.0049332189301766
3.6031723269221265,0.0001771743960299,-0.3963489559614339,-0.0000194891835633
3.6024736694242421,0.0452017244624437,-0.3962721036366666,-0.0049721896908688
3.6003681752489465,0.0902086203248761,-0.3960404992773841,-0.0099229482357364
3.5968551913701998,0.1351802468748942,-0.3956540710507220,-0.0148698271562384
3.5919336242710416,0.1800989285844875,-0.3951126986698146,-0.0198108821442936
3.5856019384504858,0.2249468988736767,-0.3944162132295534,-0.0247441588761044
3.5778581543263299,0.2697062690748871,-0.3935643969758963,-0.0296676895982376
3.5686998455308481,0.3143589968541968,-0.3925569830083933,-0.0345794896539616
3.5581241355955684,0.3588868539450584,-0.3913936549155125,-0.0394775539339564
3.5461276940206461,0.4032713930443493,-0.3900740463422711,-0.0443598532348784
3.5327067317237395,0.4474939137135455,-0.3885977404896113,-0.0492243305084900
3.5178569958628434,0.4915354271193405,-0.3869642695449128,-0.0540688969831274
3.5015737640272340,0.5353766194380383,-0.3851731140429957,-0.0588914281381842
3.4838518377905792,0.5789978137363915,-0.3832237021569637,-0.0636897595110031
3.4646855356204354,0.6223789301280699,-0.3811154089182479,-0.0684616823140877
3.4440686851387960,0.6654994439894530,-0.3788475553652675,-0.0732049388388398
3.4219946147292153,0.7083383420006953,-0.3764194076202136,-0.0779172176200765
3.3984561444873198,0.7508740757577809,-0.3738301758936052,-0.0825961483333559
3.3734455765133853,0.7930845126782425,-0.3710790134164724,-0.0872392963946067
3.3469546845482006,0.8349468838970222,-0.3681650153003020,-0.0918441572286724
3.3189747029568379,0.8764377288191930,-0.3650872173252521,-0.0964081501701112
3.2894963150693366,0.9175328359624626,-0.3618445946576270,-0.1009286119558709
3.2585096408929735,0.9582071796839843,-0.3584360604982271,-0.1054027897652383
3.2260042242179474,0.9984348523423798,-0.3548604646639742,-0.1098278337576618
3.1919690191473324,1.0381889913962647,-0.3511165921062065,-0.1142007890535891
3.1563923760934425,1.0774417008841086,-0.3472031613702786,-0.1185185870972519
3.1192620272967857,1.1161639666659235,-0.3431188230026465,-0.1227780363332516
3.0805650719412512,1.1543255647338750,-0.3388621579135376,-0.1269758121207262
3.0402879609607321,1.1918949618150556,-0.3344316757056806,-0.1311084457996561
2.9984164816591070,1.2288392073937167,-0.3298258129825018,-0.1351723128133088
2.9549357422984288,1.2651238161702871,-0.3250429316528272,-0.1391636197787316
2.9098301568508576,1.3007126398482907,-0.3200813172535943,-0.1430783903833120
2.8630834301600476,1.3355677269950896,-0.3149391773176052,-0.1469124499694599
2.8146785438196651,1.3696491695551469,-0.3096146398201631,-0.1506614086510661
2.7645977431532414,1.4029149344014311,-0.3041057517468566,-0.1543206427841574
2.7128225257742451,1.4353206780873240,-0.2984104778351669,-0.1578852745896056
2.6593336323224293,1.4668195427026660,-0.2925266995554672,-0.1613501496972932
2.6041110401179224,1.4973619304371986,-0.2864522144129715,-0.1647098123480918
2.5471339606551342,1.5268952541052268,-0.2801847356720648,-0.1679584779515749
2.4883808420834730,1.5553636604780394,-0.2737218926291820,-0.1710900026525843
2.4278293781025693,1.5827077227950070,-0.2670612315912826,-0.1740978495074508
2.3654565250509099,1.6088640982678548,-0.2602002177556001,-0.1769750508094640
2.3012385294073998,1.6337651457405233,-0.2531362382348140,-0.1797141660314576
2.2351509684798443,1.6573384979016184,-0.2458666065327829,-0.1823072347691780
2.1671688077542104,1.6795065815467987,-0.2383885688529631,-0.1847457239701479
2.0972664792649223,1.7001860783297964,-0.2306993127191414,-0.1870204686162776
2.0254179864730495,1.7192873171940881,-0.2227959785120354,-0.1891216048913497
1.9515970425764400,1.7367135882087146,-0.2146756746834084,-0.1910384947029586
1.8757772510164064,1.7523603658025484,-0.2063354976118047,-0.1927596402382803
1.7979323393122308,1.7661144273576841,-0.1977725573243454,-0.1942725870093452
1.7180364604106833,1.7778528507367999,-0.1889840106451752,-0.1955638135810480
1.6360645797006801,1.7874418715318059,-0.1799671037670748,-0.1966186058684986
1.5519929710051070,1.7947355775852400,-0.1707192268105618,-0.1974209135343764
1.4657998516155035,1.7995744146168984,-0.1612379836777054,-0.1979531856078588
1.3774661953112179,1.8017834725788324,-0.1515212814842340,-0.1981961819836716
1.2869767740212641,1.8011705177101691,-0.1415674451423390,-0.1981287569481186
1.1943214943193801,1.7975237303198175,-0.1313753643751318,-0.1977276103351799
1.0994971156147355,1.7906091034233340,-0.1209446827176209,-0.1969670013765668
1.0025094645082229,1.7801674531507834,-0.1102760410959045,-0.1958184198465862
0.9033762967532324,1.7659109895184217,-0.0993713926428556,-0.1942502088470264
0.8021310078396942,1.7475193978287307,-0.0882344108623664,-0.1922271337611604
0.6988274596964247,1.7246353902793239,-0.0768710205666067,-0.1897098929307256
0.5935462798782556,1.6968597105332919,-0.0652900907866081,-0.1866545681586621
0.4864031075838160,1.6637456214832531,-0.0535043418342198,-0.1830120183631578
0.3775594153588256,1.6247929956271037,-0.0415315356894708,-0.1787272295189814
0.2672367327783141,1.5794422869816176,-0.0293960406056145,-0.1737386515679779
0.1557353396868218,1.5270689396001198,-0.0171308873655504,-0.1679775833560132
0.0434587669381610,1.4669792536365138,-0.0047804643631977,-0.1613677179000165
-0.0690543101174913,1.3984094962569757,0.0075959741129240,-0.1538250445882673
-0.1810891085586950,1.3205312673094209,0.0199198019414565,-0.1452584394040363
-0.2917033852811722,1.2324679962360499,0.0320873723809289,-0.1355714795859655
-0.3996657633084845,1.1333300989494202,0.0439632339639333,-0.1246663108844362
-0.5033872641427924,1.0222796161724057,0.0553725990557072,-0.1124507577789646
-0.6008566636050607,0.8986380833791097,0.0660942329965567,-0.0988501891717021
-0.6896026126467738,0.7620510254679566,0.0758562873911451,-0.0838256128014752
-0.7667226368630051,0.6127127851514865,0.0843394900549306,-0.0673984063666635
-0.8290340945720036,0.4516279276385673,0.0911937504029204,-0.0496790720402424
-0.8733956591747699,0.2808368328940358,0.0960735225092247,-0.0308920516183439
-0.8971927651825590,0.1034824559726253,0.0986912041700815,-0.0113830701569888
-0.8988729561193974,-0.0764037731094363,0.0988760251731337,0.0084044150420380
-0.8783211121121830,-0.2544142583405757,0.0966153223323401,0.0279855684174633
-0.8368890569601328,-0.4264213852306574,0.0920577962656146,0.0469063523753723
-0.7770637478172122,-0.5891256970672365,0.0854770122598933,0.0648038266773960
-0.7019414337215392,-0.7403181943030137,0.0772135577093693,0.0814350013733315
-0.6147242003380838,-0.8788496406535973,0.0676196620371892,0.0966734604718957
-0.5183709342061547,-1.0044202273714313,0.0570208027626770,0.1104862250108574
-0.4154228904689372,-1.1173174793130358,0.0456965179515831,0.1229049227244339
-0.3079599407371526,-1.2181833168292207,0.0338755934810868,0.1340001648512143
-0.1976313583775785,-1.3078401732952132,0.0217394494215336,0.1438624190624734
-0.0857182839113260,-1.3871752799168997,0.0094290112302459,0.1525892807908590
0.0267974412316328,-1.4570703945786960,-0.0029477185354796,0.1602777434036566
0.1391701979983942,-1.5183629534363976,-0.0153087217798234,0.1670199248780037
0.2508375961114707,-1.5718273081370782,-0.0275921355722618,0.1729010038950786
0.3613779901313057,-1.6181680478754539,-0.0397515789144436,0.1779984852662999
0.4704773089105363,-1.6580201779184056,-0.0517525039801590,0.1823822195710246
0.5779035356244069,-1.6919529068244836,-0.0635693889186848,0.1861148197506932
0.6834872235298536,-1.7204751030240881,-0.0751835945882839,0.1892522613326497
0.7871066678394534,-1.7440413061216833,-0.0865817334623399,0.1918445436733852
0.8886766258411903,-1.7630576816738337,-0.0977544288425309,0.1939363449841217
0.9881397247723750,-1.7778876076680037,-0.1086953697249613,0.1955676368434804
1.0854599013154949,-1.7888567546201586,-0.1194005891447044,0.1967742430082174
1.1806173773271007,-1.7962576188682851,-0.1298679115059811,0.1975883380755113
1.2736047994980977,-1.8003535210960908,-0.1400965279447907,0.1980388873205700
1.3644242635039925,-1.8013821081602974,-0.1500866689854392,0.1981520318976327
1.4530850127135544,-1.7995584072183932,-0.1598393513984910,0.1979514247940233
1.5396016533776089,-1.7950774836892716,-0.1693561818715370,0.1974585232058199
1.6239927668789194,-1.7881167526860293,-0.1786392043566811,0.1966928427954632
1.7062798284837792,-1.7788379895341495,-0.1876907811332157,0.1956721788487564
1.7864863636348112,-1.7673890801325491,-0.1965134999998292,0.1944127988145804
1.8646372890436034,-1.7539055469449671,-0.2051101017947964,0.1929296101639464
1.9407583980685859,-1.7385118816957246,-0.2134834237875445,0.1912363069865297
2.0148759591195953,-1.7213227115589667,-0.2216363555031555,0.1893454982714863
2.0870164028684965,-1.7024438218338076,-0.2295718043155346,0.1872688204017188
2.1572060794205958,-1.6819730547882097,-0.2372926687362656,0.1850170360267031
2.2254710707254777,-1.6600011014999478,-0.2448018177798025,0.1826001211649942
2.2918370466837596,-1.6366122010780058,-0.2521020751352135,0.1800273421185806
2.3563291558656689,-1.6118847595627186,-0.2591962071452236,0.1773073235518990
2.4189719436687951,-1.5858918990296209,-0.2660869138035674,0.1744481088932583
2.4797892922339715,-1.5587019459157900,-0.2727768221457368,0.1714572140507369
2.5388043776067777,-1.5303788663088513,-0.2792684815367455,0.1683416752939736
2.5960396405509933,-1.5009826548531577,-0.2855643604606093,0.1651080920338474
2.6515167681454668,-1.4705696830051740,-0.2916668444960013,0.1617626651305691
2.7052566838699579,-1.4391930115854621,-0.2975782352256954,0.1583112312744008
2.7572795443415909,-1.4069026719063349,-0.3033007498775750,0.1547592939096968
2.8076047412268439,-1.3737459191841284,-0.3088365215349528,0.1511120511102541
2.8562509071442701,-1.3397674614578554,-0.3141875997858697,0.1473744207603641
2.9032359246056059,-1.3050096668189353,-0.3193559517066166,0.1435510633500829
2.9485769372295594,-1.2695127513989655,-0.3243434630952515,0.1396464026538862
2.9922903626127209,-1.2333149502551057,-0.3291519398873993,0.1356646445280616
3.0343919063630569,-1.1964526730279423,-0.3337831096999362,0.1316097940330737
3.0748965768991532,-1.1589606460183550,-0.3382386234589068,0.1274856710620191
3.1138187006973750,-1.1208720421325129,-0.3425200570767112,0.1232959246345764
3.1511719377330243,-1.0822185999731715,-0.3466289131506327,0.1190440459970489
3.1869692969133556,-1.0430307332071023,-0.3505666226604691,0.1147333806527813
3.2212231513422664,-1.0033376312095399,-0.3543345466476493,0.1103671394330494
3.2539452532904591,-0.9631673518742240,-0.3579339778619505,0.1059484087061646
3.2851467487724140,-0.9225469073796617,-0.3613661423649655,0.1014801598117628
3.3148381916537653,-0.8815023436166284,-0.3646322010819142,0.0969652577978291
3.3430295572306945,-0.8400588139070287,-0.3677332512953764,0.0924064695297732
3.3697302552374340,-0.7982406475785927,-0.3706703280761178,0.0878064712336452
3.3949491422496370,-0.7560714139022836,-0.3734444056474601,0.0831678555292512
3.4186945334606889,-0.7135739818486970,-0.3760563986806758,0.0784931380033567
3.4409742138154442,-0.6707705760752390,-0.3785071635196988,0.0737847633682763
3.4617954484917233,-0.6276828295167246,-0.3807974993340895,0.0690451112468397
3.4811649927244743,-0.5843318329175735,-0.3829281491996922,0.0642765016209331
3.4990891009710143,-0.5407381816134348,-0.3848998011068115,0.0594811999774778
3.5155735354184281,-0.4969220198433604,-0.3867130888960271,0.0546614221827696
3.5306235738361540,-0.4529030828501499,-0.3883685931219769,0.0498193391135165
3.5442440167781513,-0.4087007370058447,-0.3898668418455966,0.0449570810706429
3.5564391941399438,-0.3643340181812480,-0.3912083113553938,0.0400767419999373
3.5672129710763487,-0.3198216685625235,-0.3923934268183983,0.0351803835418776
3.5765687532858856,-0.2751821721041509,-0.3934225628614474,0.0302700389314566
3.5845094916678031,-0.2304337887955897,-0.3942960440834584,0.0253477167675149
3.5910376863573807,-0.1855945879087682,-0.3950141454993119,0.0204154046699645
3.5961553901447272,-0.1406824803848166,-0.3955770929159200,0.0154750728423298
3.5998642112817145,-0.0957152505111994,-0.3959850632409886,0.0105286775562319
3.6021653156810074,-0.0507105870344591,-0.3962381847249108,0.0055781645737905
3.6030594285103827,-0.0056861138490980,-0.3963365371361421,0.0006254725234008
3.6025468351847021,0.0393405796003820,-0.3962801518703172,-0.0043274637560420
3.6006273817570440,0.0843519080696186,-0.3960690119932748,-0.0092787098876580
3.5973004747095936,0.1293302602832941,-0.3957030522180553,-0.0142263286311624
3.5925650801439990,0.1742579685895497,-0.3951821588158398,-0.0191683765448505
3.5864197223699907,0.2191172783657112,-0.3945061694606990,-0.0241029006202282
3.5788624818902033,0.2638903170390882,-0.3936748730079224,-0.0290279348742997
3.5698909927782760,0.3085590625834326,-0.3926880092056104,-0.0339414968841776
3.5595024394465500,0.3531053113472952,-0.3915452683391205,-0.0388415842482025
3.5476935527989584,0.3975106450649400,-0.3902462908078854,-0.0437261709571434
3.5344606057640986,0.4417563968935981,-0.3887906666340508,-0.0485932036582958
3.5197994082030104,0.4858236163125577,-0.3871779349023311,-0.0534405977943813
3.5037053011858399,0.5296930327098061,-0.3854075831304424,-0.0582662335980787
3.4861731506314677,0.5733450174705056,-0.3834790465694615,-0.0630679519217556
3.4671973403042786,0.6167595443683557,-0.3813917074334707,-0.0678435498805191
3.4467717641626909,0.6599161480456692,-0.3791448940578960,-0.0725907762850236
3.4248898180548286,0.7027938803505663,-0.3767378799860311,-0.0773073268385623
3.4015443907579717,0.7453712642797905,-0.3741698829833769,-0.0819908390707770
3.3767278543601944,0.7876262452530046,-0.3714400639796214,-0.0866388869778305
3.3504320539850525,0.8295361394186572,-0.3685475259383558,-0.0912489753360523
3.3226482968634521,0.8710775786622513,-0.3654913126549797,-0.0958185336528476
3.2933673407610913,0.9122264519546004,-0.3622704074837200,-0.1003449097150061
3.2625793817753412,0.9529578426399062,-0.3588837319952876,-0.1048253626903897
3.2302740415223807,0.9932459612205905,-0.3553301445674619,-0.1092570557342649
3.1964403537441677,1.0330640731470391,-0.3516084389118584,-0.1136370480461743
3.1610667503757823,1.0723844210649023,-0.3477173425413361,-0.1179622863171393
3.1241410471273441,1.1111781409093595,-0.3436555151840078,-0.1222295955000295
3.0856504286516624,1.1494151711636167,-0.3394215471516829,-0.1264356688279978
3.0455814333897773,1.1870641545165119,-0.3350139576728755,-0.1305770569968163
3.0039199382125177,1.2240923310598428,-0.3304311932033769,-0.1346501564165827
2.9606511430082643,1.2604654220580283,-0.3256716257309091,-0.1386511964263831
2.9157595554066646,1.2961475031987668,-0.3207335510947331,-0.1425762253518643
2.8692289758768905,1.3311008660908332,-0.3156151873464579,-0.1464210952699916
2.8210424834992929,1.3652858666109986,-0.3103146731849222,-0.1501814453272098
2.7711824227837760,1.3986607585126265,-0.3048300665062154,-0.1538526834363889
2.7196303920002576,1.4311815104894607,-0.2991593431200283,-0.1574299661538407
2.6663672336005759,1.4628016046343886,-0.2933003956960634,-0.1609081765097827
2.6113730274525202,1.4934718139384366,-0.2872510330197772,-0.1642818995332280
2.5546270877822264,1.5231399561327288,-0.2810089796560449,-0.1675453951746002
2.4961079649397244,1.5517506207769940,-0.2745718761433697,-0.1706925682854693
2.4357934533750631,1.5792448660322296,-0.2679372798712569,-0.1737169352635453
2.3736606075534614,1.6055598810100962,-0.2611026668308807,-0.1766115869111106
2.3096857679656377,1.6306286089530218,-0.2540654344762202,-0.1793691469848324
2.2438445999273973,1.6543793257495929,-0.2468229059920137,-0.1819817258324552
2.1761121485413382,1.6767351674090807,-0.2393723363395472,-0.1844408684149989
2.1064629140527869,1.6976135990827474,-0.2317109205458066,-0.1867374958991022
2.0348709529236686,1.7169258169993993,-0.2238358048216035,-0.1888618398699339
1.9613100113398405,1.7345760732453859,-0.2157441012473824,-0.1908033680569924
1.8857536996489663,1.7504609116266774,-0.2074329069613863,-0.1925507002789345
1.8081757185155307,1.7644683008596911,-0.1988993290367084,-0.1940915130945660
1.7285501505342571,1.7764766490008372,-0.1901405165587683,-0.1954124313900921
1.6468518348726207,1.7863536802928357,-0.1811537018359883,-0.1964989048322119
1.5630568474982272,1.7939551524313853,-0.1719362532248050,-0.1973350667674524
1.4771431160652637,1.7991233886016640,-0.1624857427671790,-0.1979035727461830
1.3890912070960020,1.8016855944883310,-0.1528000327805602,-0.1981854153937164
1.2988853343887148,1.8014519258638750,-0.1428773867827586,-0.1981597118450263
1.2065146525490522,1.7982132674418057,-0.1327166117803958,-0.1978034594185986
1.1119749194498607,1.7917386787466043,-0.1223172411394847,-0.1970912546621265
1.0152706380003882,1.7817724584003345,-0.1116797701800427,-0.1959949704240368
0.9164178231827786,1.7680307755611908,-0.1008059605501056,-0.1944833853117310
0.8154475880210701,1.7501978182334426,-0.0896992346823177,-0.1925217600056787
0.7124108061232967,1.7279214162007897,-0.0783651886735626,-0.1900713557820868
0.6073841940140788,1.7008081172138647,-0.0668122613415487,-0.1870888928935251
0.5004782702192513,1.6684177385564887,-0.0550526097241176,-0.1835259512412138
0.3918477973648468,1.6302574985091389,-0.0431032577101331,-0.1793283248360053
0.2817055051158229,1.5857759803533240,-0.0309876055627405,-0.1744353578388656
0.1703401276535206,1.5343574389459820,-0.0187374140418873,-0.1687793182840580
0.0581400577656624,1.4753173955251524,-0.0063954063542229,-0.1622849135077667
-0.0543758248780975,1.4079011855040531,0.0059813407365907,-0.1548691304054458
-0.1665184696013832,1.3312882764481293,0.0183170316561521,-0.1464417104092942
-0.2773787059454449,1.2446069450720654,0.0305116576539989,-0.1369067639579272
-0.3857668270346511,1.1469664494441638,0.0424343509738116,-0.1261663094388580
-0.4901446106357320,1.0375170715093200,0.0539159071699305,-0.1141268778660252
-0.5885591964965530,0.9155514928228402,0.0647415116146208,-0.1007106642105124
-0.6785998213446959,0.7806613079331168,0.0746459803479165,-0.0858727438726428
-0.7574151444969746,0.6329544803866007,0.0833156658946672,-0.0696249928425261
-0.8218449508385838,0.4733148484767471,0.0904029445922442,-0.0520646333324422
-0.8687178645653972,0.3036385374780683,0.0955589651021937,-0.0334002391225875
-0.8953191615954904,0.1269293979320319,0.0984851077755039,-0.0139622337725235
-0.8999302251243396,-0.0528739615168113,0.0989923247636774,0.0058161357668492
-0.8822375184915989,-0.2313765436639872,0.0970461270340759,0.0254514198030386
-0.8434129557871580,-0.4043781227026138,0.0927754251365874,0.0444815934972875
-0.7858229078337580,-0.5684488969195581,0.0864405198617134,0.0625293786611514
-0.7125148293875830,-0.7212333482083617,0.0783766312326341,0.0793356683029198
-0.6267007797225465,-0.8614529686672570,0.0689370857694801,0.0947598265533983
-0.5313849270177065,-0.9887115821566251,0.0584523419719477,0.1087582740372288
-0.4291679750264924,-1.1032341877435827,0.0472084772529142,0.1213557606517941
-0.3221895987624573,-1.2056275724906120,0.0354408558638703,0.1326190329739673
-0.2121522948527864,-1.2966983022863410,0.0233367524338065,0.1426368132514975
-0.1003814870484114,-1.3773299955510026,0.0110419635753252,0.1515062995106103
0.0121055574186148,-1.4484079282301845,-0.0013316113160476,0.1593248721053203
0.1245355283516606,-1.5107767864654880,-0.0136989081186827,0.1661854465112037
0.2363246774239133,-1.5652197962904077,-0.0259957145166305,0.1721741775919448
0.3470350047654730,-1.6124508119469525,-0.0381738505242020,0.1773695893141648
0.4563399591937127,-1.6531138165501840,-0.0501973955113084,0.1818425198205202
0.5639980111340496,-1.6877863699489708,-0.0620397812247455,0.1856565006943868
0.6698324616054188,-1.7169849244781170,-0.0736815707765961,0.1888683416925929
0.7737160726489570,-1.7411708072217309,-0.0851087679913853,0.1915287887943904
0.8755593763359257,-1.7607562052731023,-0.0963115313969518,0.1936831825800412
0.9753017717230275,-1.7761098114895346,-0.1072831948895330,0.1953720792638488
1.0729047293951992,-1.7875619750810403,-0.1180195202334719,0.1966318172589144
1.1683465894318075,-1.7954093069127728,-0.1285181248374988,0.1974950237604050
1.2616185662372779,-1.7999187465067856,-0.1387780422861006,0.1979910621157464
1.3527216700874820,-1.8013311264594065,-0.1487993837096230,0.1981464239105347
1.4416643274632106,-1.7998642824341753,-0.1585830760209531,0.1979850710677593
1.5284605361309644,-1.7957157602525287,-0.1681306589744061,0.1975287336277781
1.6131284311062115,-1.7890651701324232,-0.1774441274216833,0.1967971687145666
1.6956891676178150,-1.7800762342871783,-0.1865258084379597,0.1958083857715896
1.7761660496236107,-1.7688985692987784,-0.1953782654585972,0.1945788426228656
1.8545838492632751,-1.7556692396975713,-0.2040042234189603,0.1931236163667328
1.9309682753197910,-1.7405141144198146,-0.2124065102851770,0.1914565525861796
2.0053455583584023,-1.7235490534679103,-0.2205880114194242,0.1895903958814701
2.0777421275053345,-1.7048809482363516,-0.2285516340255868,0.1875369043059987
2.1481843593957328,-1.6846086355941279,-0.2363002795335306,0.1853069499153541
2.2166983840888239,-1.6628237029024593,-0.2438368222497706,0.1829106073192705
2.2833099360357445,-1.6396111986507211,-0.2511640929639319,0.1803572318515793
2.3480442407282562,-1.6150502612639077,-0.2582848664801082,0.1776555287390298
2.4109259296317269,-1.5892146768233117,-0.2652018522594899,0.1748136144505643
2.4719789775462764,-1.5621733749032078,-0.2719176875300904,0.1718390712393529
2.5312266577462075,-1.5339908704198957,-0.2784349323520828,0.1687389957461885
2.5886915111959050,-1.5047276582802551,-0.2847560662315495,0.1655200424108281
2.6443953268881719,-1.4744405666746032,-0.2908834859576989,0.1621884623342063
2.6983591309428228,-1.4431830740571916,-0.2968195044037105,0.1587501381462911
2.7506031825732635,-1.4110055941752075,-0.3025663500830590,0.1552106153592728
2.8011469754030300,-1.3779557329250340,-0.3081261672943333,0.1515751306217537
2.8500092429131025,-1.3440785203172450,-0.3135010167204413,0.1478486372348969
2.8972079670401212,-1.3094166204061770,-0.3186928763744133,0.1440358282446795
2.9427603891376610,-1.2740105216749666,-0.3237036428051427,0.1401411573842463
2.9866830226672008,-1.2378987100533794,-0.3285351324933921,0.1361688581058717
3.0289916671098824,-1.2011178264758597,-0.3331890833820871,0.1321229609123446
3.0697014226906401,-1.1637028106544169,-0.3376671564959704,0.1280073091719859
3.1088267055874765,-1.1256870325397983,-0.3419709376146224,0.1238255735793778
3.1463812633643893,-1.0871024127701896,-0.3461019389700828,0.1195812654047209
3.1823781904196693,-1.0479795332555870,-0.3500616009461636,0.1152777486581146
3.2168299432844019,-1.0083477389146389,-0.3538512937612842,0.1109182512806103
3.2497483556409521,-0.9682352314664263,-0.3574723191205047,0.1065058754613069
3.2811446529595059,-0.9276691560799117,-0.3609259118255456,0.1020436071687903
3.3110294666736420,-0.8866756815966815,-0.3642132413341006,0.0975343249756350
3.3394128478344105,-0.8452800749663727,-0.3673354132617851,0.0929808082463010
3.3663042801973160,-0.8035067704674016,-0.3702934708217048,0.0883857447514142
3.3917126927085959,-0.7613794342270126,-0.3730883961979455,0.0837517377649714
3.4156464713667702,-0.7189210245032073,-0.3757211118503447,0.0790813126953528
3.4381134704431000,-0.6761538481458667,-0.3781924817487410,0.0743769232960453
3.4591210230506055,-0.6330996136145711,-0.3805033125355666,0.0696409574976028
3.4786759510560250,-0.5897794808955795,-0.3826543546161628,0.0648757428985137
3.4967845743327368,-0.5462141086295704,-0.3846463031766010,0.0600835519492528
3.5134527193554286,-0.5024236987345897,-0.3864797991290971,0.0552666068608049
3.5286857271393228,-0.4584280387847484,-0.3881554299853255,0.0504270842663223
3.5424884605282174,-0.4142465423842161,-0.3896737306581039,0.0455671196622638
3.5548653108365516,-0.3698982877576394,-0.3910351841920207,0.0406888116533403
3.5658202038512554,-0.3254020547620026,-0.3922402224236381,0.0357942260238203
3.5753566051993855,-0.2807763605109216,-0.3932892265719324,0.0308853996562014
3.5834775250875008,-0.2360394937902017,-0.3941825277596251,0.0259643443169222
3.5901855224184978,-0.1912095484330420,-0.3949204074660347,0.0210330503276346
3.5954827082911844,-0.1463044558143828,-0.3955030979120303,0.0160934901395821
3.5993707488873312,-0.1013420166164419,-0.3959307823776064,0.0111476218278086
3.6018508677502492,-0.0563399320113817,-0.3962035954525274,0.0061973925212520
3.6029238474581979,-0.0113158344021989,-0.3963216232204018,0.0012447417842419
3.6025900306951075,0.0337126821407224,-0.3962849033764618,-0.0037083950354795
3.6008493207202297,0.0787280316124604,-0.3960934252792253,-0.0086600834773706
3.5977011812374502,0.1237126058422645,-0.3957471299361195,-0.0136083866426491
3.5931446356640793,0.1686487441648762,-0.3952459099230487,-0.0185513618581364
3.5871782657980504,0.2135187028604150,-0.3945896092377855,-0.0234870573146457
3.5798002098815722,0.2583046242268842,-0.3937780230869730,-0.0284135086649573
3.5710081600584318,0.3029885051463206,-0.3928108976064275,-0.0333287355660953
3.5607993592213614,0.3475521650014214,-0.3916879295143497,-0.0382307381501564
3.5491705972451637,0.3919772127940570,-0.3904087656969680,-0.0431174934073463
3.5361182066006647,0.4362450133103742,-0.3889730027260731,-0.0479869514641412
3.5216380573440724,0.4803366521690938,-0.3873801863078480,-0.0528370317386003
3.5057255514759738,0.5242328995800181,-0.3856298106623571,-0.0576656189538020
3.4883756166640461,0.5679141726285519,-0.3837213178330451,-0.0624705589891407
3.4695826993236629,0.6113604958890435,-0.3816540969256029,-0.0672496545477948
3.4493407570509254,0.6545514601547953,-0.3794274832756018,-0.0720006606170275
3.4276432504034196,0.6974661790554550,-0.3770407575443762,-0.0767212796961001
3.4044831340251434,0.7400832433129330,-0.3744931447427658,-0.0814091567644226
3.3798528471137841,0.7823806723647018,-0.3717838131825162,-0.0860618739601172
3.3537443032308620,0.8243358630579893,-0.3689118733553948,-0.0906769449363788
3.3261488794584380,0.8659255350895729,-0.3658763767404282,-0.0952518088598530
3.2970574049101851,0.9071256728331740,-0.3626763145401203,-0.0997838240116491
3.2664601486099523,0.9479114631592973,-0.3593106163470948,-0.1042702609475227
3.2343468067576970,0.9882572288101438,-0.3557781487433466,-0.1087082951691158
3.2007064894111603,1.0281363568442385,-0.3520777138352276,-0.1130949992528662
3.1655277066223522,1.0675212216107972,-0.3482080477284587,-0.1174273343771877
3.1287983540811726,1.1063831016516563,-0.3441678189489289,-0.1217021411816822
3.0905056983350359,1.1446920898576396,-0.3399556268168539,-0.1259161298843404
3.0506363616737890,1.1824169961252176,-0.3355699997841168,-0.1300658695737739
3.0091763067945227,1.2195252416666449,-0.3310093937473975,-0.1341477765833309
2.9661108213920819,1.2559827440206048,-0.3262721903531290,-0.1381581018422665
2.9214245028596459,1.2917537916885840,-0.3213566953145610,-0.1420929170857442
2.8751012433312879,1.3268009071821709,-0.3162611367664417,-0.1459480997900388
2.8271242153571441,1.3610846971052399,-0.3109836636892858,-0.1497193166815764
2.7774758585743231,1.3945636877089436,-0.3055223444431756,-0.1534020056479838
2.7261378678263344,1.4271941441423968,-0.2998751654608968,-0.1569913558556637
2.6730911832947566,1.4589298713728933,-0.2940400301624232,-0.1604822858510183
2.6183159833444445,1.4897219944604643,-0.2880147581678889,-0.1638694193906511
2.5617916809543870,1.5195187155355705,-0.2817970849049826,-0.1671470587089127
2.5034969248189300,1.5482650444372215,-0.2753846617300823,-0.1703091548880944
2.4434096064692374,1.5759024995118949,-0.2687750567116161,-0.1733492749463084
2.3815068750963770,1.6023687745393000,-0.2619657562606015,-0.1762605651993230
2.3177651621730777,1.6275973671251249,-0.2549541678390385,-0.1790357103837637
2.2521602184937901,1.6515171631665144,-0.2477376240343169,-0.1816668879483166
2.1846671669118023,1.6740519711331250,-0.2403133883602983,-0.1841457168246437
2.1152605748861912,1.6951199988914565,-0.2326786632374810,-0.1864631998780602
2.0439145520104551,1.7146332646049283,-0.2248306007211501,-0.1886096591065421
1.9706028790443695,1.7324969318342687,-0.2167663166948806,-0.1905746625017695
1.8952991766973688,1.7486085573047192,-0.2084829094367106,-0.1923469413035191
1.8179771246297345,1.7628572378557834,-0.1999774837092708,-0.1939142961641362
1.7386107439986491,1.7751226407989182,-0.1912471818398514,-0.1952634904878810
1.6571747605819074,1.7852738992292871,-0.1822892236640098,-0.1963801289152216
1.5736450703333731,1.7931683507215401,-0.1731009577366710,-0.1972485185793694
1.4879993355250318,1.7986500942475427,-0.1636799269077535,-0.1978515103672297
1.4002177479016036,1.8015483360697735,-0.1540239522691764,-0.1981703169676751
1.3102840061795828,1.8016754908180492,-0.1441312406797541,-0.1981843039899854
1.2181865696645431,1.7988249990676992,-0.1340005226630997,-0.1978707498974469
1.1239202689624779,1.7927688177805943,-0.1236312295858726,-0.1972045699558654
1.0274883803837713,1.7832545354988856,-0.1130237218422148,-0.1961579989048774
0.9289053049288744,1.7700020612204803,-0.1021795835421762,-0.1947002267342528
0.8282000387204730,1.7526998362628858,-0.0911020042592520,-0.1927969819889175
0.7254206834068270,1.7310005253136849,-0.0797962751747510,-0.1904100577845053
0.6206403275805158,1.7045161616968416,-0.0682704360338567,-0.1874967777866526
0.5139647400552165,1.6728127618081094,-0.0565361214060738,-0.1840094037988920
0.4055424602558603,1.6354044999698973,-0.0446096706281446,-0.1798944949966887
0.2955780569431342,1.5917476728419049,-0.0325135862637448,-0.1750922440126095
0.1843495570038926,1.5412349229993318,-0.0202784512704282,-0.1695358415299265
0.0722313118222141,1.4831905995669072,-0.0079454443004435,-0.1631509659523598
-0.0402761697077049,1.4168688099347797,0.0044303786678475,-0.1558555690928257
-0.1525077412963645,1.3414568047119282,0.0167758515426001,-0.1475602485183121
-0.2635850128693065,1.2560880213343710,0.0289943514156237,-0.1381696823467808
-0.3723571835817282,1.1598715576639365,0.0409592901939901,-0.1275858713430330
-0.4773336774974454,1.0519480218157276,0.0525067045247190,-0.1157142823997300
-0.5766169328280469,0.9315849049884934,0.0634278626110852,-0.1024743395487343
-0.6678545735758791,0.7983255464621302,0.0734640030933467,-0.0878158101108343
-0.7482464156493708,0.6521992359999111,0.0823071057214308,-0.0717419159599902
-0.8146585753692479,0.4939778582911296,0.0896124432906173,-0.0543375644120243
-0.8638985079434560,0.3254207363731626,0.0950288358737802,-0.0357962810010479
-0.8931643080341164,0.1493954039283622,0.0982480738837528,-0.0164334944321198
-0.9005846875571705,-0.0302565871428972,0.0990643156312887,0.0033282245857187
-0.8856569180259279,-0.2091632226671540,0.0974222609828521,0.0230079544933869
-0.8493752063514360,-0.3830641220102481,0.0934312726986580,0.0421370534211273
-0.7939815034161135,-0.5484092356146484,0.0873379653757725,0.0603250159176113
-0.7224678633879734,-0.7027022116583840,0.0794714649726771,0.0772972432824222
-0.6380498796549972,-0.8445370596931983,0.0701854867620497,0.0928990765662518
-0.5437721172202973,-0.9734207192584151,0.0598149328942327,0.1070762791184257
-0.4422915282940487,-1.0895142339799326,0.0486520681123454,0.1198465657377926
-0.3358056713426255,-1.1933877147006193,0.0369386238476888,0.1312726486170681
-0.2260691662137584,-1.2858305280753470,0.0248676082835134,0.1414413580882882
-0.1144510967168901,-1.3677216285211742,0.0125896206388579,0.1504493791373292
-0.0020037957927758,-1.4399490075325785,0.0002204175372053,0.1583943908285836
0.1104719531682775,-1.5033639910450858,-0.0121519148485105,0.1653700390149594
0.2223711843312282,-1.5587582099436723,-0.0244608302764351,0.1714634030938040
0.3332396402168561,-1.6068544150797595,-0.0366563604238542,0.1767539856587735
0.4427383601410351,-1.6483052719449820,-0.0487012196155139,0.1813135799139480
0.5506163552097235,-1.6836964497536906,-0.0605677990730696,0.1852066094729060
0.6566897155919388,-1.7135517830336175,-0.0722358687151133,0.1884906961336979
0.7608257025020355,-1.7383392156080091,-0.0836908272752239,0.1912173137168810
0.8629306480408641,-1.7584768098080354,-0.0949223712844950,0.1934324490788839
0.9629407426121076,-1.7743384467770562,-0.1059234816873318,0.1951772291454762
1.0608150055628425,-1.7862590440364907,-0.1166896506119127,0.1964884948440140
1.1565299062259780,-1.7945392301150862,-0.1272182896848576,0.1973993153126595
1.2500752346089281,-1.7994494779312125,-0.1375082758069821,0.1979394425724334
1.3414509209069698,-1.8012337301246106,-0.1475596012997667,0.1981357103137072
1.4306645779374223,-1.8001125635514699,-0.1573731035731165,0.1980123819906617
1.5177295965092059,-1.7962859443798638,-0.1669502556160126,0.1975914538817850
1.6026636654296014,-1.7899356241939208,-0.1762930031972561,0.1968929186613313
1.6854876189553880,-1.7812272238799614,-0.1854036380850927,0.1959349946267957
1.7662245377576720,-1.7703120473373426,-0.1942846991533439,0.1947343252071077
1.8448990469216531,-1.7573286620689499,-0.2029388951613818,0.1933061528275845
1.9215367676450279,-1.7424042789035499,-0.2113690444409531,0.1916644706793905
1.9961638892369160,-1.7256559586974085,-0.2195780278160608,0.1898221554567149
2.0688068355671692,-1.7071916699382188,-0.2275687519123886,0.1877910836932040
2.1394920058741826,-1.6871112177413838,-0.2353441206461601,0.1855822339515522
2.2082455742519094,-1.6655070617609635,-0.2429070131677100,0.1832057767937060
2.2750933355332190,-1.6424650379917640,-0.2502602669086540,0.1806711541790940
2.3400605879124412,-1.6180649972660335,-0.2574066646703685,0.1779871496992637
2.4031720446884139,-1.5923813713990114,-0.2643489249157255,0.1751619508538912
2.4644517690984400,-1.5654836763666082,-0.2710896946008284,0.1722032044003269
2.5239231274572389,-1.5374369605647775,-0.2776315440202963,0.1691180656621255
2.5816087567919750,-1.5083022050678336,-0.2839769632471172,0.1659132425574617
2.6375305439347523,-1.4781366818410777,-0.2901283598328228,0.1625950350025185
2.6917096136433729,-1.4469942750451583,-0.2960880575007710,0.1591693702549674
2.7441663238048033,-1.4149257698731972,-0.3018582956185283,0.1556418346860517
2.7949202661608461,-1.3819791127678693,-0.3074412292776931,0.1520177024044656
2.8439902713028866,-1.3481996463584112,-0.3128389298433175,0.1483019610994252
2.8913944169286250,-1.3136303220235170,-0.3180533858621488,0.1444993354225869
2.9371500385511125,-1.2783118926140140,-0.3230865042406224,0.1406143081875415
2.9812737420091353,-1.2422830875496294,-0.3279401116210049,0.1366511396304592
3.0237814172558779,-1.2055807722291318,-0.3326159558981466,0.1326138849452045
3.0646882530059898,-1.1682400934559780,-0.3371157078306589,0.1285064102801576
3.1040087519045931,-1.1302946123766917,-0.3414409627095052,0.1243324073614361
3.1417567459492455,-1.0917764262518466,-0.3455932420544170,0.1200954068877031
3.1779454119505184,-1.0527162802256815,-0.3495739953145570,0.1157987908248250
3.2125872868611189,-1.0131436701267285,-0.3533846015547231,0.1114458037139401
3.2456942828393678,-0.9730869372154818,-0.3570263711123304,0.1070395630937030
3.2772777019418826,-0.9325733556936818,-0.3605005472136071,0.1025830691263050
